246.0733 20.27 339.9876
246.0733 20.27 344.4676
250.2133 20.27 344.4676
250.2133 23.72 350.3576
246.9807 22 248.1149
246.9807 22 249.3549
245.8007 22 255.2849
250.1767 22 265.7269
266.9907 22 248.4649
267.9407 22 247.4049
245.7207 22 246.8449
313.893 44.53 306.77
313.893 38.57 306.77
313.893 32.494 306.77
313.893 20.16 306.77
313.893 44.53 293.765
313.893 38.57 293.765
313.893 26.236 293.765
313.893 20.16 293.765
313.893 32.494 293.765
313.893 26.236 306.77
325.06 26 274.28
315.07 19 247.04
304.72 19 267.4
325.06 26 250.52
324.67 19 265.15
318.49 19 261.43
324.67 19 258.09
304.25 26 266.77
304.25 26 257.61
324.67 19 247.04
313.13 19 274.28
273.893 26.236 293.765
273.893 20.16 293.765
273.893 20.16 306.77
273.893 32.494 293.765
273.893 26.236 306.77
273.893 32.494 306.77
244.8 20.16 307.235
256.107 20.16 307.235
256.107 20.16 294.23
256.107 26.236 294.23
244.8 20.16 294.23
256.107 26.236 307.235
282.4772 20.27 246.2827
282.4772 20.27 250.7627
286.6172 20.27 250.7627
286.6172 23.72 256.6527
293.893 26.236 306.77
293.893 32.494 306.77
293.893 26.236 293.765
293.893 32.494 293.765
293.893 38.57 293.765
293.893 38.57 306.77
293.893 20.16 293.765
293.893 20.16 306.77
339.24 20.07 348.05
349.56 20.07 322.08
299.47 26.33 323.51
350.912 26.33 354.985
311.688 19.634 346.667
348.37 20.07 322.08
324.26 26.33 336.34
339.24 20.07 341.92
301.916 26.33 355.664
307.48 19.531 351.599
270.1227 18.79 329.0714
259.3906 18.79 328.986
283.0558 20.4 329.4
341.8 45 274.4
495 45 418.4
173.9 45 422.6
394.9 45 145.4
226.6 45 181.8
422.5 45 181.8
44.1 45 124.6
394.9 45 145.4
76 45 386.2
341.8 45 306.2
61.7 45 365.4
246.4 45 477.6
211.6 45 289.4
463.5 45 450.2
308.1 45 92.79999
244.2 45 422.6
548.1 45 471
394.9 45 327
197.3 45 268.6
492.8 45 363.4
299.5 45 530.2
439.7 45 342.6
422.5 45 363.4
128.7 45 145.4
156.3 45 181.8
495 45 268.6
93.2 45 333.6
214.9 45 509.4
75.6 45 124.6
59.5 45 333.6
477.8 45 289.4
341.8 45 124.6
41.9 45 92.79999
128.7 45 145.4
173.5 45 129.2
299.5 45 530.2
146.3 45 386.2
408.2 45 342.6
492.8 45 363.4
191.1 45 370
229.2 45 530.2
492.8 45 181.8
281.9 45 289.4
146.3 45 386.2
310.3 45 124.6
548.1 45 289.4
226.6 45 181.8
495 45 236.8
495 45 450.2
439.7 45 129.2
408.2 45 161
492.8 45 181.8
93.2 45 365.4
324.6 45 327
159.6 45 401.8
394.9 45 327
173.5 45 161
439.7 45 310.8
244.2 45 422.6
228.8 45 268.6
548.1 45 289.4
341.8 45 92.79999
308.1 45 274.4
439.7 45 161
310.3 45 306.2
281.9 45 289.4
246.4 45 509.4
228.8 45 236.8
58.4 45 145.4
191.1 45 401.8
477.8 45 471
75.6 45 92.79999
324.6 45 145.4
548.1 45 471
463.5 45 268.6
142 45 161
71.73999 19.61 282.03
70.51001 19.61 282.03
112.25 11.79 245.9248
85.25 14.79 204.9248
235.25 13.79 207.9248
181.26 12.4 143.24
244.26 12.4 102.24
272.49 45 339.9
277.52 45 339.9
98.26 13.4 132.24
151.26 14.4 201.24
171.25 8.79 284.9248
60.44 17.72 86.18
60.44 14.27 80.29
56.3 14.27 80.29
56.3 14.27 75.81
214.26 13.4 102.24
198.25 10.79 201.9248
79.25 14.79 245.9248
278.25 9.79 65.9248
48.25 17.79 166.9248
380.25 13.79 204.9248
412.25 14.79 243.9248
509.26 12.4 102.24
493.25 8.79 201.9248
374.25 12.79 245.9248
476.26 11.4 143.24
542.26 11.4 102.24
446.26 15.4 201.24
499.25 7.79 286.9248
353.25 13.79 166.9248
532.25 5.79 201.9248
356.3 14.27 77.81
356.3 14.27 82.29
360.44 14.27 82.29
360.44 17.72 88.18
382.26 11.4 117.24
531.26 13.4 366.24
515.25 9.79 465.9248
382.26 13.4 396.24
435.26 10.4 465.24
481.25 8.79 548.9248
332.25 8.79 430.9248
354.51 8.610001 546.03
355.74 8.610001 546.03
465.26 16.4 407.24
369.25 11.79 468.9248
396.25 8.79 509.9248
498.26 13.4 366.24
482.25 7.79 465.9248
363.25 7.79 509.9248
98.25 20.79 468.9248
125.25 13.79 509.9248
227.26 17.4 366.24
211.25 16.79 465.9248
92.25 18.79 509.9248
83.51001 16.61 546.03
84.73999 16.61 546.03
194.26 17.4 407.24
164.26 25.4 465.24
210.25 18.79 548.9248
61.25 16.79 430.9248
74.3 18.27 341.81
74.3 18.27 346.29
78.44 18.27 346.29
78.44 21.72 352.18
111.26 13.4 396.24
244.25 15.79 465.9248
350.92 42 263.923
353.94 22 298.463
335.46 42 299.213
353.94 32 298.463
340.97 32 299.183
350.4 44.53 263.32
354.5 44.53 254.47
349.78 44.53 273.13
344.84 32 259.203
335.69 22 259.203
350.3 22 273.733
355.02 22 256.443
334.94 44.53 297.618
335.46 22 299.213
335.46 22 298.221
335.69 42 259.203
335.17 44.53 258.6
351.66 42 284.403
335.69 32 259.203
343.04 44.53 296.55
350.3 22 284.403
350.3 42 284.403
340.97 42 299.183
335.46 42 298.221
350.3 32 284.403
355.02 32 255.073
351.14 44.53 283.8
340.97 22 299.183
343.56 42 297.153
350.3 32 273.733
335.69 22 259.203
350.3 42 273.733
335.69 42 259.203
354.5 44.53 255.84
335.17 44.53 258.6
355.02 42 255.073
335.46 32 299.213
343.56 32 297.153
355.02 22 255.073
344.84 42 259.203
334.94 44.53 298.61
350.92 32 263.923
353.42 44.53 297.86
